2 9 3 4 5 1 7 8 6
5 4 1 7 8 6 9 2 3
8 7 6 9 2 3 4 5 1
9 2 4 3 1 5 8 6 7
1 3 5 8 6 7 2 9 4
6 8 7 2 9 4 3 1 5
3 5 9 1 4 2 6 7 8
4 1 2 6 7 8 5 3 9
7 6 8 5 3 9 1 4 2

2 9 3 4 5 1 7 8 6
8 7 6 9 2 3 4 5 1
5 4 1 7 8 6 9 2 3
9 2 4 3 1 5 8 6 7
1 3 5 8 6 7 2 9 4
6 8 7 2 9 4 3 1 5
3 5 9 1 4 2 6 7 8
4 1 2 6 7 8 5 3 9
7 6 8 5 3 9 1 4 2

2 9 3 4 5 1 7 8 6
8 7 6 9 2 3 4 5 1
5 4 1 7 8 6 9 2 3
1 3 5 8 6 7 2 9 4
9 2 4 3 1 5 8 6 7
6 8 7 2 9 4 3 1 5
3 5 9 1 4 2 6 7 8
4 1 2 6 7 8 5 3 9
7 6 8 5 3 9 1 4 2

2 9 3 4 5 1 7 8 6
8 7 6 9 2 3 4 5 1
5 4 1 7 8 6 9 2 3
1 3 5 8 6 7 2 9 4
9 2 4 3 1 5 8 6 7
6 8 7 2 9 4 3 1 5
4 1 2 6 7 8 5 3 9
3 5 9 1 4 2 6 7 8
7 6 8 5 3 9 1 4 2

2 9 3 4 5 1 7 8 6
8 7 6 9 2 3 4 5 1
5 4 1 7 8 6 9 2 3
1 3 5 8 6 7 2 9 4
9 2 4 3 1 5 8 6 7
6 8 7 2 9 4 3 1 5
4 1 2 6 7 8 5 3 9
7 6 8 5 3 9 1 4 2
3 5 9 1 4 2 6 7 8

2 9 3 4 5 1 7 8 6
8 7 6 9 2 3 4 5 1
5 4 1 7 8 6 9 2 3
1 3 5 8 6 7 2 9 4
9 2 4 3 1 5 8 6 7
6 8 7 2 9 4 3 1 5
3 5 9 1 4 2 6 7 8
7 6 8 5 3 9 1 4 2
4 1 2 6 7 8 5 3 9

2 9 3 4 5 1 7 8 6
8 7 6 9 2 3 4 5 1
5 4 1 7 8 6 9 2 3
1 3 5 8 6 7 2 9 4
9 2 4 3 1 5 8 6 7
6 8 7 2 9 4 3 1 5
7 6 8 5 3 9 1 4 2
3 5 9 1 4 2 6 7 8
4 1 2 6 7 8 5 3 9

2 9 3 4 5 1 7 8 6
8 7 6 9 2 3 4 5 1
5 4 1 7 8 6 9 2 3
1 3 5 8 6 7 2 9 4
9 2 4 3 1 5 8 6 7
6 8 7 2 9 4 3 1 5
7 6 8 5 3 9 1 4 2
4 1 2 6 7 8 5 3 9
3 5 9 1 4 2 6 7 8

2 9 3 4 5 1 7 8 6
8 7 6 9 2 3 4 5 1
5 4 1 7 8 6 9 2 3
1 3 5 8 6 7 2 9 4
6 8 7 2 9 4 3 1 5
9 2 4 3 1 5 8 6 7
3 5 9 1 4 2 6 7 8
4 1 2 6 7 8 5 3 9
7 6 8 5 3 9 1 4 2

2 9 3 4 5 1 7 8 6
8 7 6 9 2 3 4 5 1
5 4 1 7 8 6 9 2 3
1 3 5 8 6 7 2 9 4
6 8 7 2 9 4 3 1 5
9 2 4 3 1 5 8 6 7
4 1 2 6 7 8 5 3 9
3 5 9 1 4 2 6 7 8
7 6 8 5 3 9 1 4 2

2 9 3 4 5 1 7 8 6
8 7 6 9 2 3 4 5 1
5 4 1 7 8 6 9 2 3
1 3 5 8 6 7 2 9 4
6 8 7 2 9 4 3 1 5
9 2 4 3 1 5 8 6 7
4 1 2 6 7 8 5 3 9
7 6 8 5 3 9 1 4 2
3 5 9 1 4 2 6 7 8

2 9 3 4 5 1 7 8 6
8 7 6 9 2 3 4 5 1
5 4 1 7 8 6 9 2 3
1 3 5 8 6 7 2 9 4
6 8 7 2 9 4 3 1 5
9 2 4 3 1 5 8 6 7
3 5 9 1 4 2 6 7 8
7 6 8 5 3 9 1 4 2
4 1 2 6 7 8 5 3 9

2 9 3 4 5 1 7 8 6
8 7 6 9 2 3 4 5 1
5 4 1 7 8 6 9 2 3
1 3 5 8 6 7 2 9 4
6 8 7 2 9 4 3 1 5
9 2 4 3 1 5 8 6 7
7 6 8 5 3 9 1 4 2
3 5 9 1 4 2 6 7 8
4 1 2 6 7 8 5 3 9

2 9 3 4 5 1 7 8 6
8 7 6 9 2 3 4 5 1
5 4 1 7 8 6 9 2 3
1 3 5 8 6 7 2 9 4
6 8 7 2 9 4 3 1 5
9 2 4 3 1 5 8 6 7
7 6 8 5 3 9 1 4 2
4 1 2 6 7 8 5 3 9
3 5 9 1 4 2 6 7 8

2 9 3 4 5 1 7 8 6
8 7 6 9 2 3 4 5 1
5 4 1 7 8 6 9 2 3
9 2 4 3 1 5 8 6 7
6 8 7 2 9 4 3 1 5
1 3 5 8 6 7 2 9 4
3 5 9 1 4 2 6 7 8
4 1 2 6 7 8 5 3 9
7 6 8 5 3 9 1 4 2

2 9 3 4 5 1 7 8 6
8 7 6 9 2 3 4 5 1
5 4 1 7 8 6 9 2 3
9 2 4 3 1 5 8 6 7
6 8 7 2 9 4 3 1 5
1 3 5 8 6 7 2 9 4
4 1 2 6 7 8 5 3 9
3 5 9 1 4 2 6 7 8
7 6 8 5 3 9 1 4 2

2 9 3 4 5 1 7 8 6
8 7 6 9 2 3 4 5 1
5 4 1 7 8 6 9 2 3
9 2 4 3 1 5 8 6 7
6 8 7 2 9 4 3 1 5
1 3 5 8 6 7 2 9 4
4 1 2 6 7 8 5 3 9
7 6 8 5 3 9 1 4 2
3 5 9 1 4 2 6 7 8

2 9 3 4 5 1 7 8 6
8 7 6 9 2 3 4 5 1
5 4 1 7 8 6 9 2 3
9 2 4 3 1 5 8 6 7
6 8 7 2 9 4 3 1 5
1 3 5 8 6 7 2 9 4
3 5 9 1 4 2 6 7 8
7 6 8 5 3 9 1 4 2
4 1 2 6 7 8 5 3 9

2 9 3 4 5 1 7 8 6
8 7 6 9 2 3 4 5 1
5 4 1 7 8 6 9 2 3
9 2 4 3 1 5 8 6 7
6 8 7 2 9 4 3 1 5
1 3 5 8 6 7 2 9 4
7 6 8 5 3 9 1 4 2
3 5 9 1 4 2 6 7 8
4 1 2 6 7 8 5 3 9

2 9 3 4 5 1 7 8 6
8 7 6 9 2 3 4 5 1
5 4 1 7 8 6 9 2 3
9 2 4 3 1 5 8 6 7
6 8 7 2 9 4 3 1 5
1 3 5 8 6 7 2 9 4
7 6 8 5 3 9 1 4 2
4 1 2 6 7 8 5 3 9
3 5 9 1 4 2 6 7 8

